15
8	1	6	
3	5	7	
4	9	2	
34
16	2	3	13	
5	11	10	8	
9	7	6	12	
4	14	15	1	
65
17	24	1	8	15	
23	5	7	14	16	
4	6	13	20	22	
10	12	19	21	3	
11	18	25	2	9	
111
35	1	6	26	19	24	
3	32	7	21	23	25	
31	9	2	22	27	20	
8	28	33	17	10	15	
30	5	34	12	14	16	
4	36	29	13	18	11	
175
30	39	48	1	10	19	28	
38	47	7	9	18	27	29	
46	6	8	17	26	35	37	
5	14	16	25	34	36	45	
13	15	24	33	42	44	4	
21	23	32	41	43	3	12	
22	31	40	49	2	11	20	
260
64	63	3	4	5	6	58	57	
56	55	11	12	13	14	50	49	
17	18	46	45	44	43	23	24	
25	26	38	37	36	35	31	32	
33	34	30	29	28	27	39	40	
41	42	22	21	20	19	47	48	
16	15	51	52	53	54	10	9	
8	7	59	60	61	62	2	1	
369
47	58	69	80	1	12	23	34	45	
57	68	79	9	11	22	33	44	46	
67	78	8	10	21	32	43	54	56	
77	7	18	20	31	42	53	55	66	
6	17	19	30	41	52	63	65	76	
16	27	29	40	51	62	64	75	5	
26	28	39	50	61	72	74	4	15	
36	38	49	60	71	73	3	14	25	
37	48	59	70	81	2	13	24	35	
505
92	99	1	8	15	67	74	51	58	40	
98	80	7	14	16	73	55	57	64	41	
4	81	88	20	22	54	56	63	70	47	
85	87	19	21	3	60	62	69	71	28	
86	93	25	2	9	61	68	75	52	34	
17	24	76	83	90	42	49	26	33	65	
23	5	82	89	91	48	30	32	39	66	
79	6	13	95	97	29	31	38	45	72	
10	12	94	96	78	35	37	44	46	53	
11	18	100	77	84	36	43	50	27	59	
671
68	81	94	107	120	1	14	27	40	53	66	
80	93	106	119	11	13	26	39	52	65	67	
92	105	118	10	12	25	38	51	64	77	79	
104	117	9	22	24	37	50	63	76	78	91	
116	8	21	23	36	49	62	75	88	90	103	
7	20	33	35	48	61	74	87	89	102	115	
19	32	34	47	60	73	86	99	101	114	6	
31	44	46	59	72	85	98	100	113	5	18	
43	45	58	71	84	97	110	112	4	17	30	
55	57	70	83	96	109	111	3	16	29	42	
56	69	82	95	108	121	2	15	28	41	54	
870
144	143	142	4	5	6	7	8	9	135	134	133	
132	131	130	16	17	18	19	20	21	123	122	121	
120	119	118	28	29	30	31	32	33	111	110	109	
37	38	39	105	104	103	102	101	100	46	47	48	
49	50	51	93	92	91	90	89	88	58	59	60	
61	62	63	81	80	79	78	77	76	70	71	72	
73	74	75	69	68	67	66	65	64	82	83	84	
85	86	87	57	56	55	54	53	52	94	95	96	
97	98	99	45	44	43	42	41	40	106	107	108	
36	35	34	112	113	114	115	116	117	27	26	25	
24	23	22	124	125	126	127	128	129	15	14	13	
12	11	10	136	137	138	139	140	141	3	2	1	
